p_val,avg_log2FC,pct.1,pct.2,p_val_adj,GeneName
7.753307263242308e-270,1.3416187532729982,0.998,0.99,2.266756911481521e-265,PLCG2
2.3526187818505754e-225,0.7545228585611559,0.502,0.076,6.878116270618342e-221,CYP4B1
5.573581826974999e-216,1.121802191852414,0.936,0.553,1.6294923829344107e-211,TXNIP
2.393001072065426e-194,1.1625432907966684,0.751,0.277,6.996177934290479e-190,CALCRL
2.638811311514201e-187,0.7694727501028428,0.432,0.066,7.714828750342918e-183,GALNT15
3.7613285714969694e-173,0.9452400593242214,0.438,0.08,1.099662021162854e-168,ADIRF
6.382954217117592e-156,1.3870053648292127,0.566,0.177,1.8661204949164994e-151,ABCB1
1.612819610935773e-154,0.7749599125528582,0.429,0.087,4.715239414531826e-150,RUNDC3B
3.2131128548160234e-154,1.1978367942383192,0.938,0.819,9.393856742340126e-150,SYNE1
1.2016874448402858e-151,0.8564841952335893,0.756,0.355,3.5132534137350595e-147,GNG11
8.10704919209392e-149,-1.240022566459658,0,0.438,2.3701769018005784e-144,XIST
5.449275861218059e-148,-1.2185621365683543,0.176,0.602,1.5931502907857118e-143,CLDN5
4.1269348342723404e-141,-2.0469111067147785,0.3,0.666,1.2065506681478615e-136,ADAMTS9
5.321868017594509e-140,0.9577665766752075,0.947,0.775,1.5559013336239306e-135,SPARCL1
2.2607899985611842e-136,0.5422908228830645,0.38,0.069,6.609645639793479e-132,UTY
6.273034936826556e-136,1.034585558044095,0.622,0.239,1.833984494130612e-131,RUNX1T1
3.2724655090029175e-132,0.9351684570489032,0.923,0.654,9.56738016212093e-128,MT-ND3
5.531541305010633e-128,0.8210547279160507,0.671,0.299,1.6172014159329085e-123,S100A10
7.39847810765749e-123,-1.1456844811958435,0.579,0.807,2.163019059554744e-118,PLEKHG1
7.177314018736392e-120,0.9225068497955203,0.611,0.257,2.0983595265177715e-115,EPHA4
2.1601967710070562e-119,-1.1304030529475866,0.477,0.769,6.31555127971623e-115,ABLIM3
5.789910318961975e-118,-1.4277531449317746,0.48,0.769,1.6927381808517232e-113,MAST4
1.740950335466794e-112,0.829278070818092,0.923,0.742,5.089842400770719e-108,TMSB10
3.1755435643442917e-111,0.7139426510466742,0.566,0.212,9.284019164716971e-107,MTSS1
1.079459947591313e-108,0.5547200008688593,0.358,0.084,3.1559091027779624e-104,LCN6
1.79462982262857e-108,0.8202216760942536,0.829,0.537,5.246779749436887e-104,CAV1
3.4830798012263666e-105,0.793011067662441,0.551,0.198,1.0183132106865405e-100,AC007319.1
3.2418830777809324e-103,0.9438947942741843,0.584,0.256,9.477969366200333e-99,AC105450.1
6.512838048034676e-103,0.5716083724871432,0.494,0.178,1.9040933317234177e-98,TINAGL1
7.393076614630833e-103,-1.030022827976594,0.325,0.63,2.1614398790534704e-98,APOLD1
1.5347550575370787e-102,0.7684582771706168,0.743,0.413,4.487009886215403e-98,RPS28
7.689240776538244e-102,0.4754756748239207,0.304,0.062,2.2480264334287212e-97,AC104211.2
1.65801556869436e-100,0.4289046712882348,0.136,0.001,4.847374316634831e-96,LINC01060
2.492630786017471e-100,0.4178660822744077,0.242,0.035,7.2874553660006785e-96,PTGDR
1.890414100805577e-98,-1.057762889406773,0.741,0.853,5.526814665115185e-94,PITPNC1
3.870897615195619e-98,1.052518715921463,0.718,0.398,1.1316956267785912e-93,TPO
2.2196390965190992e-97,1.0339731166039363,0.565,0.257,6.489336862583238e-93,PRKD1
4.028276588881228e-96,0.6870467900814683,0.722,0.391,1.1777069435253159e-91,HIF3A
2.3901014957948123e-94,0.47022533858410354,0.234,0.034,6.9877007331057135e-90,LINC00278
1.3276499936983927e-93,0.4193600814820405,0.279,0.055,3.8815175215766207e-89,PRKY
1.314657210108132e-92,0.5871487109719933,0.551,0.23,3.843531819472135e-88,ZFP36L1
4.44563713844747e-92,0.3677101761406388,0.179,0.016,1.2997264737965022e-87,DAAM2
5.2361318865977535e-92,0.5958384000244569,0.575,0.252,1.5308355183657192e-87,RPS29
1.1267527793421973e-91,0.7048111530900905,0.634,0.313,3.294174425684848e-87,RPS27
1.4802556374747205e-91,0.6628336276282073,0.584,0.268,4.327675381721093e-87,CD34
3.270093185021808e-88,0.8256110027664572,0.878,0.729,9.560444435729757e-84,ELMO1
1.6007070648916779e-86,1.0910474625984454,0.835,0.632,4.6798271749173094e-82,FABP5
1.710519990113513e-86,0.3213470101426441,0.235,0.04,5.0008762430958664e-82,SLC52A3
3.902657532329199e-86,0.8323352430384489,0.615,0.306,1.1409809561517646e-81,STOX2
1.685397084784443e-85,0.83320015777814,0.674,0.384,4.927426917075797e-81,LNX1
2.1703323658556582e-85,0.7116918161781205,0.464,0.188,6.345183704815603e-81,CYYR1-AS1
2.3269748930821252e-85,0.639406696695177,0.679,0.37,6.803143797414902e-81,LGALS3
1.4199328443753022e-84,0.9605354896884659,0.522,0.223,4.1513156638156334e-80,MGP
1.506087580261769e-84,0.7894107682771594,0.847,0.648,4.403197649653308e-80,SYNE2
2.0798828322198786e-84,0.46661731756451413,0.347,0.099,6.080745448278037e-80,AC087854.1
4.749185855659545e-84,0.6481837049037484,0.482,0.191,1.3884719767606244e-79,FAM214A
2.791365121319964e-83,0.4892667548075118,0.335,0.095,8.160835068691047e-79,AC097459.1
4.557533902403513e-83,-1.1925802421925653,0.641,0.8,1.332440611706691e-78,PIK3R3
5.749965196196754e-83,0.6594425116925687,0.702,0.407,1.6810598247600828e-78,SLC9A3R2
5.818690455768754e-83,0.3304061986378102,0.204,0.029,1.701152341648553e-78,DEPP1
1.1814792145559095e-82,-0.36662596976372175,1,1,3.454172631675657e-78,MALAT1
1.2258749742841463e-82,0.30835621681003356,0.215,0.034,3.58396807481713e-78,CLEC3B
3.2571693917598348e-81,0.3977964320225382,0.325,0.089,9.522660433749052e-77,RPS10
3.6390163241945264e-81,0.47868310855576557,0.323,0.091,1.0639028125415117e-76,RBMS3-AS2
6.481826824742116e-80,0.5983035895309938,0.56,0.27,1.895026890481605e-75,LPAR6
1.3830544316205917e-78,0.7404735495789427,0.564,0.286,4.043497936285962e-74,EML1
2.4674762927493163e-78,0.3172519362173712,0.191,0.027,7.213913689481902e-74,C19orf33
2.578404285238992e-77,0.9226876523160059,0.597,0.317,7.538222768324717e-73,LIFR
2.9440030322288407e-77,0.6311607983978592,0.722,0.429,8.607087265024238e-73,IFITM2
6.1247249573348826e-77,-0.7486763630692735,0.124,0.419,1.7906245885264264e-72,DUSP1
3.6956993112553287e-76,0.8530660634927112,0.941,0.903,1.0804746506386078e-71,PTPRG
8.060444816853946e-76,-1.0100442402999237,0.401,0.625,2.3565516466554195e-71,TBCD
5.375442436065956e-75,0.44411780830475633,0.226,0.044,1.571564350608243e-70,TTTY14
6.514837908708419e-75,0.37579368610463015,0.31,0.087,1.9046780109899935e-70,MT-ATP8
7.98014494738705e-75,0.45093039802408486,0.317,0.094,2.333075176818078e-70,AL133268.4
9.92990088902083e-75,0.4773793420477723,0.46,0.184,2.90310582391413e-70,ATP5F1E
5.130967455588102e-74,-0.760626981417298,0.447,0.681,1.5000896453157377e-69,XAF1
1.3027561235008485e-73,0.8067600137891349,0.634,0.36,3.8087378026670806e-69,NCALD
4.206736143663731e-73,0.5228007267982082,0.469,0.203,1.2298813789615284e-68,MYCT1
5.726458509211195e-73,0.47041400463153427,0.498,0.216,1.6741874097529851e-68,CALCOCO2
2.736854422136842e-72,0.6389346319664171,0.895,0.717,8.001467588559271e-68,IFITM3
3.502781335627313e-72,0.7150051735744485,0.805,0.575,1.0240731512840013e-67,EMCN
1.592030424353365e-71,0.8058237188468347,0.62,0.364,4.654460148639498e-67,SORBS2
1.5932910048493423e-71,0.4966409229308298,0.366,0.125,4.6581455817775375e-67,CD109
1.973748212874715e-71,0.3744635258301129,0.299,0.085,5.7704502751605167e-67,CFLAR-AS1
2.9818218434909686e-70,0.3957108807957642,0.272,0.071,8.717654341630196e-66,RFTN2
6.120625988549934e-70,0.5561793446272809,0.798,0.535,1.7894262140124587e-65,ITM2B
6.308861198207603e-70,0.5473620428028649,0.534,0.255,1.8444586599079748e-65,RPL37
7.798177345252083e-70,0.7307098671923689,0.644,0.372,2.279875128657899e-65,IL6ST
8.139839110116795e-70,0.5468620072758068,0.185,0.03,2.379763362233746e-65,SLC25A21
2.663075142533983e-69,-0.8288616202508892,0.651,0.763,7.785766486712353e-65,MCF2L
8.327754993151427e-69,0.6097639440115792,0.813,0.589,2.434702449797751e-64,CFLAR
3.3996902386659908e-68,0.5912723175443355,0.624,0.348,9.93933438176389e-64,ANXA3
4.618032869597836e-68,0.9032989897744006,0.534,0.286,1.3501280897556235e-63,MIR99AHG
1.587983574174625e-67,0.555175429460459,0.356,0.126,4.642628777456933e-63,AL445426.1
1.6854283427053266e-67,0.8063309183086194,0.566,0.3,4.927518302733293e-63,FRMD3
2.2448263611424645e-67,0.5532645694066044,0.394,0.152,6.562974349436109e-63,NUAK1
7.182598209011561e-67,0.2544441024317998,0.15,0.018,2.09990441238662e-62,FAM198B-AS1
7.496277250279895e-67,0.32455249021010146,0.228,0.051,2.1916116168918303e-62,CDC14B
7.819295728409715e-67,0.6129767953594141,0.879,0.672,2.286049299157864e-62,IFI27
2.051858951158067e-66,0.5940624482279886,0.607,0.324,5.998814829605725e-62,PPP3CC
2.526879779762915e-66,0.5337158910316282,0.646,0.375,7.387585724114858e-62,LIMS2
5.919532327838253e-66,-0.7066744534144782,0.267,0.552,1.7306344713667917e-61,PSD3
6.185669542169213e-66,0.6707662941773576,0.797,0.574,1.808442347348591e-61,AKT3
1.0437380807520481e-65,0.5185860045152261,0.436,0.18,3.051472652886688e-61,MDFIC
1.7321042608415772e-64,0.5271870536670551,0.561,0.279,5.063980016996436e-60,CST3
2.1873442503745287e-64,0.551047950815832,0.628,0.346,6.394919650394972e-60,RPL37A
6.45537897102833e-64,0.6118394857818745,0.733,0.477,1.8872945959698423e-59,RPL41
7.202646676638451e-64,0.3621554084328186,0.29,0.088,2.1057657823820176e-59,ESR2
1.7803614308190718e-63,0.40997315232344866,0.233,0.057,5.205064679142639e-59,RARB
1.913319865904515e-63,0.7239166173766398,0.769,0.542,5.5937819599584405e-59,LIMCH1
2.0252927583070753e-63,0.7381249652632365,0.793,0.566,5.921145908186565e-59,RGCC
2.1665251273080382e-63,0.5306059937692866,0.788,0.511,6.33405286219778e-59,MT-ND1
3.318027841453418e-63,0.39584719384585,0.365,0.137,9.700586197273212e-59,GPRC5B
3.775910016342625e-63,0.35432292726741665,0.34,0.119,1.10392505237793e-58,MXD4
3.984959422691579e-63,0.3881572301240748,0.292,0.091,1.16504273681811e-58,PON2
5.432244742241913e-63,0.6127262141723921,0.62,0.345,1.5881710728418456e-58,TGFBR2
3.733562250443717e-62,0.45319138881555215,0.469,0.211,1.0915442595397251e-57,RPL38
4.100125037732561e-62,-0.8141248637936427,0.318,0.578,1.1987125560314915e-57,LARGE1
5.042093763796446e-62,0.5328392290139983,0.49,0.232,1.474106532783529e-57,CCND3
1.6820391611164212e-61,-0.8818459890877817,0.423,0.662,4.9176096914399693e-57,PDE4D
2.151824578262728e-61,0.2762428158764043,0.16,0.025,6.291074337008912e-57,HLF
6.66595953517252e-61,0.6117281160843202,0.435,0.19,1.9488599297030378e-56,PGM5
3.742678582112641e-60,-0.7382835835375341,0.744,0.877,1.0942095102664519e-55,JMJD1C
3.916178007431446e-60,0.6882033398125187,0.707,0.463,1.1449338022526575e-55,NCOA3
9.212480715266817e-60,0.5125975244465912,0.824,0.607,2.6933608619154067e-55,CD59
2.71511294348671e-59,0.5488645336046634,0.856,0.633,7.937904201577745e-55,MT-CYB
6.775295323102802e-59,-0.6479265319584762,0.04,0.27,1.9808253406623352e-54,TMEM233
9.932461561673961e-59,0.28209235473234684,0.243,0.066,2.9038544621709993e-54,H1FX
1.1390663422434655e-58,0.4698176357190601,0.566,0.294,3.3301743581829956e-54,MTRNR2L12
1.4706945219951514e-58,0.39938449300519063,0.287,0.094,4.299722504505025e-54,IQCK
1.8478884722573823e-58,0.5279321646870045,0.575,0.311,5.402486737491683e-54,RPL34
5.7992742680405336e-58,0.6668402556406328,0.746,0.537,1.6954758250043305e-53,CYYR1
1.8274418826507428e-57,0.5621472927144353,0.676,0.397,5.342709088117711e-53,KLF12
3.9525535902351723e-57,0.5320109129510948,0.738,0.472,1.155568567641155e-52,MT-ND2
1.7351777204401766e-56,-0.6802661759002534,0.194,0.437,5.0729655834789e-52,PDLIM1
5.841906123272587e-56,-0.6669768317694811,0.646,0.828,1.7079396741999733e-51,ARHGAP26
1.0814692715253807e-55,0.29913674548285385,0.251,0.074,3.161783562231603e-51,TIMP4
1.2977659886982471e-55,0.474403688198462,0.502,0.258,3.794148644558195e-51,RPL36
1.2984324597899432e-55,0.44559172009797954,0.506,0.261,3.796097139441878e-51,GIMAP7
3.7680179264899004e-55,0.5476091280763078,0.435,0.208,1.1016177209885872e-50,FMO2
3.512690544998385e-54,0.40026882915134476,0.407,0.172,1.0269702077357279e-49,S100A6
3.895181624950008e-54,-1.0185411445427148,0.378,0.564,1.1387952998703843e-49,COL4A1
4.419278931674653e-54,0.26729691967366553,0.17,0.034,1.2920203884644014e-49,USP9Y
1.9978957944276073e-53,0.36777453076943506,0.377,0.158,5.841048144588552e-49,RPS21
4.518191550151244e-53,0.4075934167891088,0.353,0.143,1.3209384816022178e-48,FAM53B
5.577657783836283e-53,-0.7628216654322912,0.17,0.407,1.6306840296823757e-48,CDK14
8.604908785528376e-53,0.4924355460188854,0.64,0.384,2.515731132537076e-48,ADD1
1.7461094124685772e-52,0.3431629144772253,0.211,0.057,5.1049254782931325e-48,AC026353.1
2.548988613665738e-52,-0.9668167616708359,0.239,0.462,7.452223110913151e-48,CA8
8.724661704531162e-52,0.2803632397915201,0.153,0.028,2.5507420959367306e-47,ARHGEF28
1.1365731585145808e-51,0.3374265700902263,0.433,0.197,3.3228852862332284e-47,LINC00486
1.6950841718857724e-51,0.3869722591800891,0.313,0.118,4.955748084925244e-47,TBX3
2.74143340317078e-51,0.34575979917025,0.406,0.177,8.014854697510092e-47,CD99
3.9797203035567094e-51,-0.609537582684115,0.09,0.311,1.1635110279478396e-46,SLC2A3
4.4728437136027183e-51,0.4467422529388437,0.271,0.088,1.3076805881088908e-46,APOD
1.5547814206176745e-50,0.3691431204119423,0.42,0.191,4.545558961317833e-46,ATP5PF
1.5827882115925644e-50,0.5108448508530428,0.844,0.636,4.627439615412021e-46,MT-ND4
2.838946211019437e-50,0.4919381359622481,0.575,0.328,8.299943142536426e-46,SPATA13
3.646856831339923e-50,0.35611572268653263,0.334,0.133,1.0661950632105399e-45,MINDY2
8.204057781209292e-50,0.4683251926065507,0.617,0.358,2.3985383329143487e-45,RPLP2
1.082459196082436e-49,0.3824553241112934,0.433,0.204,3.16467770566661e-45,SULF2
1.593412040986208e-49,-0.9055539299687173,0.271,0.495,4.6584994430272776e-45,SH3RF3
2.354805231762156e-49,0.37597505760444333,0.465,0.228,6.884508575579839e-45,ABR
2.4253099560242415e-49,0.47178201179317036,0.508,0.274,7.090636187432472e-45,KLF9
2.4473952284665813e-49,0.40339494564915457,0.517,0.268,7.155204689944897e-45,FTL
4.093918393644444e-49,0.47383076775609545,0.369,0.161,1.1968979815658896e-44,CACHD1
6.6472300335400785e-49,0.3049381381893158,0.326,0.128,1.9433841726057774e-44,SELENOP
5.006018713476839e-48,0.6978888281751257,0.838,0.742,1.4635596310720886e-43,FOXN3
5.83513671278869e-48,0.4548659659649105,0.443,0.221,1.7059605693509013e-43,UNC13B
6.027958171563774e-48,0.3334119567116233,0.283,0.104,1.7623338510383848e-43,NDUFA12
1.7031825069491873e-47,0.4817879609974815,0.1,0.011,4.979424377316644e-43,LINC02197
1.705130439583319e-47,0.2941490788167359,0.298,0.113,4.985119353165791e-43,HSD17B11
2.8033519241400484e-47,0.4062709198704022,0.507,0.267,8.195879685415846e-43,RPL35A
4.963122066683409e-47,0.46434295859012653,0.464,0.246,1.4510183674155613e-42,SPAAR
7.129860128272602e-47,0.35241613529808485,0.294,0.111,2.084485907101778e-42,ZC3H12C
1.0315434800451163e-46,0.3700089102077402,0.254,0.088,3.015820518259902e-42,PPM1H
2.4398983604911494e-46,0.5133735855360655,0.254,0.089,7.133286846731924e-42,PCAT1
2.5283057696434975e-46,0.31420554131122924,0.394,0.178,7.39175474812973e-42,PNRC1
3.576087877662623e-46,0.33537883229378457,0.217,0.066,1.0455050519134445e-41,NR5A2
4.1402950075266056e-46,-0.789784824471417,0.667,0.804,1.2104566484004785e-41,SORBS1
6.357751273675597e-46,0.3811784955543862,0.526,0.289,1.8587521623717977e-41,DPYSL2
7.274320723276747e-46,0.35094951133765845,0.331,0.134,2.1267204066571898e-41,MT1E
1.0365691250744443e-45,0.42522998300848536,0.54,0.312,3.0305134940676455e-41,TMEM88
2.145316297190541e-45,0.5210623477235843,0.907,0.773,6.272046726466265e-41,MT-CO2
2.8204087839424017e-45,0.44729839801770654,0.562,0.326,8.245747120734006e-41,RPL30
3.5743973514786733e-45,0.45291955583955146,0.601,0.371,1.045010809678305e-40,RPS11
4.8466176214251233e-45,-0.5875964718733675,0.526,0.715,1.416957127799849e-40,STARD13
8.143184723669629e-45,0.38167915548368336,0.409,0.198,2.380741485812053e-40,RPL39
1.2100551233021827e-44,-0.5112921599459042,0.951,0.987,3.5377171584862615e-40,PTPRM
1.3097064017008703e-44,0.34852026049302093,0.279,0.107,3.8290576360126645e-40,SLC12A6
1.4389550863728562e-44,0.4554842847050308,0.601,0.369,4.206929090519682e-40,TM4SF1
1.6288438783699206e-44,0.38457877160644577,0.473,0.25,4.7620879628022995e-40,CAV2
2.1014842703608882e-44,0.5541063468904226,0.891,0.787,6.143899412827093e-40,RASAL2
2.444641938776302e-44,0.45852534863106387,0.41,0.203,7.147155172206396e-40,PHLPP1
4.624616637167605e-44,0.31746399009226267,0.239,0.082,1.352052920042321e-39,GASK1B
1.3195166151114091e-43,0.302396114079622,0.351,0.156,3.857738775939716e-39,GIMAP1
1.3759948990237428e-43,0.3942326417005583,0.29,0.117,4.0228586867858144e-39,KIAA1549
1.8570739228864713e-43,0.40373847274924324,0.513,0.28,5.4293413209508876e-39,SRP14
2.0347190485240954e-43,0.33752323391414113,0.191,0.055,5.948704610265046e-39,AC008050.1
2.063866008361024e-43,0.3408900446363407,0.432,0.216,6.03391866204429e-39,MGST2
2.2227106179915257e-43,-0.7168214077022843,0.46,0.617,6.498316762760025e-39,RAPGEF5
2.2530398361387897e-43,0.40996550553267674,0.956,0.824,6.586987264935366e-39,MT-CO3
2.680281829947588e-43,0.4794474774151011,0.5,0.272,7.836071958034768e-39,SH3D19
3.0268839007717058e-43,0.47696998190041673,0.624,0.384,8.849397772296159e-39,MTUS1
3.4062902559014456e-43,0.4448213427331594,0.406,0.202,9.958630192153467e-39,ICA1
3.664292015072833e-43,0.2830717580833597,0.295,0.117,1.0712924135266934e-38,TMA7
4.232893614720012e-43,0.3367677507862475,0.42,0.206,1.2375287771995427e-38,OGA
1.4188913317537945e-42,0.36804809135704714,0.268,0.102,4.1482706975153936e-38,GULP1
2.662866696798792e-42,0.46124604700878946,0.256,0.095,7.785157074760949e-38,MYRIP
2.935142879755505e-42,0.3608095996870102,0.273,0.106,8.581183723253194e-38,ST8SIA4
3.258189593847725e-42,0.3381872817787004,0.304,0.128,9.52564309657321e-38,INMT
1.572083364733273e-41,0.4499537254143764,0.129,0.026,4.596142925134197e-37,AC005699.1
1.8299581352190264e-41,0.3293153172474119,0.418,0.204,5.350065604126346e-37,RPS17
6.542435210523856e-41,-0.639354179383848,0.281,0.476,1.9127463581487546e-36,EMP1
1.147891737188944e-40,0.34162110362630327,0.483,0.256,3.355976282845597e-36,ZNF385D
1.1598193075567267e-40,0.30313415469804356,0.25,0.092,3.390847727572846e-36,DERA
1.6291234998869537e-40,0.39164380703332824,0.466,0.246,4.7629054642694974e-36,ATF7IP
2.097305597444302e-40,0.5931610188529703,0.683,0.481,6.131682644688161e-36,MCC
2.798217822199173e-40,0.38718772690897374,0.364,0.176,8.180869624981502e-36,ATOH8
5.4594967305592795e-40,0.4459390162262198,0.322,0.147,1.596138464146311e-35,ZFP36L2
6.81178356201554e-40,-0.8800676907251022,0.402,0.549,1.9914930421908633e-35,COL4A2
7.989337342446644e-40,-0.4840754023561805,0.11,0.301,2.3357626654377008e-35,INPP5D
8.127016391531981e-40,0.5188998462957404,0.403,0.204,2.37601451222829e-35,MAML2
3.2048095736287664e-39,0.28887964155432955,0.348,0.159,9.369581269461062e-35,MIR29B2CHG
3.9431941125127106e-39,-0.4071141715555703,0.105,0.299,1.152832230734216e-34,TNNT3
4.7847219867074625e-39,-0.4720823750188229,0.1,0.294,1.3988613200337938e-34,AC018816.1
5.999793537233833e-39,0.4232193591220936,0.318,0.146,1.7540996385456836e-34,PRSS23
6.825656253692466e-39,0.4603451610724245,0.767,0.544,1.995548862329529e-34,TMSB4X
7.905740024587775e-39,0.5230598245418057,0.511,0.31,2.311322153588482e-34,BBS9
8.463859073206099e-39,0.39135114914950253,0.542,0.32,2.474493838642535e-34,RDX
1.0022159554028662e-38,0.3542308927884575,0.291,0.123,2.9300785672158195e-34,ZNF438
1.174884799080104e-38,0.2676846030967971,0.243,0.091,3.434893198590592e-34,CTSL
1.2642192452650376e-38,0.35856997625121956,0.513,0.293,3.696071385456864e-34,RPL23A
1.278787656616487e-38,-0.5352433072634036,0.049,0.219,3.7386635928839617e-34,CXCL2
1.7333850284983243e-38,0.37561635789842474,0.459,0.252,5.067724469317701e-34,SPARC
2.201568955567708e-38,0.3292314750396072,0.367,0.18,6.436506998497751e-34,SLC14A1
2.5452631626305414e-38,-0.8050057530168047,0.369,0.531,7.441331382266651e-34,PDE10A
2.970078892736155e-38,0.3948368169869425,0.542,0.323,8.683322650803424e-34,RPS25
3.3187922204502095e-38,0.2943047703142769,0.221,0.078,9.702820935708232e-34,ANKUB1
4.80047768729019e-38,0.32612399122023367,0.316,0.144,1.40346765665616e-33,CNTNAP3B
5.298633852293215e-38,-0.5410758247077603,0.084,0.262,1.549108593056444e-33,JUNB
6.396008398219818e-38,0.3097082256032589,0.21,0.073,1.8699370153035462e-33,LNX1-AS1
1.1547039325382158e-37,0.3661375367437754,0.433,0.236,3.3758924171687276e-33,BCL2L1
1.6674142789375774e-37,0.3401197580644628,0.277,0.116,4.874852385901901e-33,AUH
2.292973501713056e-37,-0.6282481669759936,0.436,0.572,6.703737329608291e-33,MYH9
2.7018863484212373e-37,0.47736782110563547,0.166,0.048,7.899234928244329e-33,PDGFD
2.914301010015408e-37,0.2575802777398455,0.296,0.127,8.520250432881047e-33,SYPL1
2.9544600230821624e-37,0.35818612367487024,0.46,0.25,8.63765932348301e-33,MT-ND5
2.9733628859533223e-37,0.3985379179154925,0.251,0.098,8.692923733373134e-33,LINC02208
3.915232207001224e-37,0.4414299358558882,0.576,0.367,1.1446572880388779e-32,RPS23
5.601522754103842e-37,0.2548204771406537,0.223,0.082,1.6376611923897992e-32,CREB3L1
5.805545653985127e-37,0.3887123187173871,0.461,0.263,1.6973093273990916e-32,ADARB1
6.418685229358468e-37,0.34272568605595233,0.392,0.205,1.8765668136552417e-32,RPS26
1.6273489117084058e-36,0.27914992661857096,0.312,0.139,4.757717278270695e-32,GAS6
1.8465753247639795e-36,0.4220967167833209,0.333,0.161,5.398647619479971e-32,ENTPD1-AS1
6.666273880126939e-36,0.4710392723267103,0.786,0.611,1.9489518315939117e-31,GNAQ
7.231058968430511e-36,0.3687477776736998,0.566,0.343,2.1140724000103443e-31,RPL27A
7.399561957419014e-36,0.31501876699505876,0.264,0.11,2.163335933871023e-31,SLC1A1
1.0895430746269338e-35,0.26643245271551236,0.222,0.083,3.185388132979304e-31,ITGA9-AS1
1.1950433328687547e-35,-0.5731007715296721,0.657,0.722,3.4938286879750912e-31,SASH1
1.3304432615602677e-35,0.31495080191074515,0.398,0.205,3.889683919497599e-31,HIP1
1.5327454624899047e-35,0.34805757748910315,0.504,0.295,4.481134634135486e-31,SRGAP2
2.431414438324498e-35,-0.5624318629656595,0.521,0.653,7.108483251885503e-31,CDK17
2.642281315132475e-35,0.2694621877270892,0.218,0.08,7.724973652921305e-31,ZC3H6
3.733150226980478e-35,0.42351685784670545,0.942,0.842,1.0914238003600127e-30,MT-ATP6
5.24397076682141e-35,0.5283973534866437,0.689,0.5,1.5331272933879074e-30,PPFIBP1
1.1104221937386485e-34,0.628805317057936,0.699,0.545,3.246430325614313e-30,CDH13
1.5243745201001219e-34,0.4216988088453859,0.204,0.074,4.4566613469647165e-30,THSD4
2.186892680798192e-34,-0.3263770067439999,0.011,0.147,6.393599441581594e-30,LINC01695
2.9589017741787707e-34,0.35304512565351165,0.532,0.321,8.650645226989054e-30,RPS20
3.2149630376748664e-34,0.47171268193898896,0.798,0.635,9.399265936946239e-30,RAPGEF2
3.607466342977165e-34,0.3568901996913998,0.407,0.215,1.0546788600328039e-29,ZFHX3
4.247264306363919e-34,0.5026344595953244,0.512,0.321,1.2417301926085552e-29,DNM3
6.367214959713427e-34,0.5207399175626368,0.568,0.374,1.8615189656218174e-29,FOXO3
8.709610418940913e-34,0.2951308833289282,0.301,0.14,2.5463417020815653e-29,BICRAL
9.96436583283415e-34,-0.46599965902793505,0.148,0.324,2.913181994887392e-29,FGFR1
1.0893173562207676e-33,0.32811000301667614,0.543,0.321,3.184728222647036e-29,MYL12A
1.3091282421892613e-33,-0.5273659251421806,0.052,0.209,3.8273673288645247e-29,AKAP12
2.030676631603826e-33,0.2978518612137413,0.383,0.202,5.936886200156946e-29,CRIP2
2.5170816610700535e-33,0.3871405115930415,0.229,0.092,7.358939944304409e-29,FCN3
9.376199120676818e-33,-0.57054744147962555,0.238,0.428,2.7412255749210745e-28,SLC9C1
1.2536377194936706e-32,0.37315589837567453,0.411,0.225,3.6651352367116954e-28,FAT4
1.4345890343801107e-32,0.37024282340329906,0.516,0.316,4.194164500913692e-28,RPS15
1.836115120223323e-32,0.2779375813278831,0.331,0.161,5.368066165484907e-28,COX6C
1.976639911822365e-32,-0.5249290639881306,0.537,0.674,5.778904446203866e-28,RBPMS
1.9785958914382863e-32,0.42152097036891245,0.283,0.134,5.784622948208973e-28,TSPAN7
4.7734719086103796e-32,0.36135271380595557,0.393,0.215,1.3955722472013305e-27,MAP2
5.699579459658752e-32,0.2944751044478493,0.258,0.114,1.6663290508258327e-27,AC004594.1
6.895505167160433e-32,0.34370011267460554,0.682,0.471,2.015969890671024e-27,RNASE1
8.891172736756406e-32,0.26751671955186673,0.286,0.13,2.599423261318103e-27,TRAK2
9.283975866084714e-32,0.39329684816824195,0.653,0.452,2.7142631842085268e-27,GSN
1.062346017422925e-31,0.39762730480635433,0.756,0.543,3.105874816537664e-27,EEF1A1
1.2368589048099644e-31,0.6893453775805751,0.901,0.841,3.616080694102412e-27,CD36
1.25805004489445e-31,0.29432850389972587,0.482,0.285,3.6780351112534146e-27,TMEM204
1.6266690850544902e-31,0.3228076578345682,0.5,0.296,4.755729737065308e-27,FAU
2.1575518046835546e-31,-0.5177671756708201,0.331,0.495,6.30781845617284e-27,PDE8A
3.3432439032234394e-31,0.30377851793366817,0.359,0.191,9.774307875464047e-27,TNFSF10
4.3750589529814976e-31,0.376261887567594,0.306,0.151,1.2790922354936706e-26,ENTPD1
4.751134792871704e-31,0.40840349289623634,0.274,0.123,1.3890417680439716e-26,"NAV3"
6.752076348131253e-31,0.30303551926833916,0.414,0.237,1.974037041139653e-26,APOL3
7.766200621292703e-31,0.383510379580405,0.55,0.36,2.2705264136411345e-26,NUMB
8.408341899131258e-31,0.2540588957857046,0.253,0.112,2.4582628376300147e-26,LSM6
8.936451185229017e-31,0.44760038367678734,0.577,0.4,2.6126608685135554e-26,PDGFB
1.567357160838777e-30,0.2691755812643965,0.347,0.177,4.582325395428248e-26,RPL27
1.6285884338887173e-30,0.29468048842643557,0.814,0.602,4.761341145317054e-26,A2M
2.117304338630628e-30,0.2890255968421156,0.423,0.233,6.190150964420504e-26,TBL1XR1
2.477162753934862e-30,0.3117174847910739,0.108,0.025,7.242233027403962e-26,ACKR1
2.6523059585032017e-30,0.4149380666580953,0.363,0.196,7.75428170027996e-26,UMAD1
2.8035002935896766e-30,0.31747710992772504,0.479,0.287,8.196313458338778e-26,RPS15A
3.999294905257516e-30,0.5616709577788912,0.674,0.507,1.1692338585010873e-25,CCDC85A
4.079362552640876e-30,-0.6990052834091025,0.56,0.64,1.1926424358900866e-25,HIPK2
4.469133812842816e-30,-0.4938540711724859,0.867,0.919,1.3065959615227256e-25,ABLIM1
4.4940308777083904e-30,0.29652727684902114,0.231,0.098,1.313874867406825e-25,LINC01184
4.520272018468795e-30,0.25208628293453533,0.29,0.138,1.321546727319537e-25,DDIT4
5.335726502364123e-30,-0.5286666824793664,0.233,0.408,1.559953000231175e-25,HIVEP2
6.564202000275443e-30,0.3900365853731118,0.765,0.57,1.9191100968005285e-25,UACA
8.015671769894097e-30,0.2839165524901782,0.254,0.113,2.3434617986462384e-25,AL138828.1
8.145365277265043e-30,0.2634533840292446,0.36,0.187,2.381378992461208e-25,COX7C
9.060797355248949e-30,0.3000582825764369,0.349,0.184,2.6490147147805827e-25,DSTN
1.062935119415589e-29,0.3048795104495849,0.33,0.167,3.107597115123416e-25,TLN2
1.1598247062472557e-29,0.31362190028589065,0.99,0.963,3.3908635111844767e-25,B2M
1.2592079902024852e-29,-0.46491057525323526,0.149,0.317,3.6814204801559856e-25,SH3RF1
1.5083047906759952e-29,0.44533962776512626,0.135,0.04,4.40967988602034e-25,ZBTB7C
1.7807028628941996e-29,0.30276850974446945,0.47,0.284,5.206062889957482e-25,S100A11
1.8564711144306214e-29,-0.5132223019287578,0.31,0.469,5.427578950149365e-25,YES1
1.921646158386653e-29,-0.6574683246039145,0.446,0.564,5.618124708659219e-25,CCNH
2.79460622427654e-29,-0.4993138617872728,0.274,0.435,8.170310757294892e-25,UBR1
3.4415958220091083e-29,0.4536600899290981,0.903,0.891,1.0061849545225828e-24,RBMS3
4.697263380331298e-29,0.39206177499422856,0.546,0.347,1.3732919218736583e-24,NR3C2
4.892242247554539e-29,0.36285404904803564,0.656,0.448,1.430295943495045e-24,RPL13A
5.135461216764103e-29,0.35644458751643016,0.541,0.349,1.5014034413331532e-24,RPS12
5.590039864859142e-29,0.280399641934425,0.392,0.213,1.6343040548902186e-24,NDUFA4
6.376298934224895e-29,-0.5427841715427986,0.367,0.507,1.8641747564099902e-24,CYTH1
6.607406425337736e-29,0.25758514695058254,0.238,0.104,1.9317413425117406e-24,FBXL20
8.599618902206268e-29,0.44257286527806894,0.7,0.534,2.5141845822490247e-24,APBB2
1.1160137499344863e-28,-0.5704072782198453,0.634,0.728,3.262777799308464e-24,WNK1
1.224809574044071e-28,-0.47795837804354013,0.231,0.397,3.580853270675246e-24,B4GALT5
1.3052653407377542e-28,0.6129051853803914,0.185,0.071,3.816073750180898e-24,IGFBP5
1.6532680162111766e-28,0.3929436611780266,0.554,0.368,4.833494372194996e-24,HECW2
1.7609611119310684e-28,0.49285368984420996,0.822,0.689,5.148345906841671e-24,TMTC1
1.9745323690623411e-28,0.631550724231922,0.411,0.244,5.77274283419066e-24,LINC02147
2.848669805784638e-28,-0.34288889935996053,0.092,0.242,8.328371044191968e-24,BHLHE40
3.5885597415214262e-28,0.3306998172489568,0.532,0.342,1.0491513260312042e-23,VIM
3.6499675376880463e-28,0.4228636190990005,0.789,0.671,1.0671045093184772e-23,FOXP1
4.835088640970318e-28,-0.5260011581868536,0.494,0.644,1.4135865150740823e-23,PLXNA2
5.848691100055521e-28,-0.6119375514835,0.282,0.435,1.709923330012232e-23,CREB5
7.765749824985788e-28,0.3495848308116325,0.659,0.475,2.270394618832845e-23,PIK3C2A
8.936966967254173e-28,0.38097698344138964,0.507,0.325,2.61281166254643e-23,NCOA2
9.198964393468426e-28,-0.41681067016593454,0.205,0.363,2.689409230074429e-23,NCOR2
1.0786803396538356e-27,0.34993791472122115,0.714,0.521,3.1536298410119535e-23,RPL10
1.1306125954809243e-27,0.27241553986218864,0.296,0.148,3.3054589841480304e-23,RNF13
1.1504969390110552e-27,0.303563687311443,0.518,0.325,3.363592850892721e-23,RPL21
1.1663147039782904e-27,0.3450817346016323,0.275,0.132,3.4098376685509297e-23,SUMF1
1.180901969708766e-27,0.25765244280830835,0.275,0.132,3.4524849986405483e-23,AC005670.3
1.4782002834983666e-27,-0.6256158997554877,0.859,0.859,4.321666348835824e-23,FLT1
1.755447849089596e-27,0.2904185164105193,0.403,0.231,5.1322273315983434e-23,FCHO2
1.8127652251101544e-27,0.30377036295775717,0.336,0.181,5.299800412132048e-23,MARCKS
1.8998899784539852e-27,0.3663525927154486,0.379,0.215,5.554518341008071e-23,MRTFB
2.5326066135190303e-27,0.33109111446511386,0.549,0.355,7.404328695284237e-23,ADAM10
2.5918185479502803e-27,0.26553315299376556,0.335,0.18,7.57744070678744e-23,AL158152.1
2.999421609642182e-27,0.40661479446133475,0.438,0.266,8.769109017949883e-23,FUT8
3.0509285103262736e-27,0.3844216287902924,0.418,0.244,8.919694592789893e-23,SSBP2
3.193080592877369e-27,0.33781301103416284,0.46,0.281,9.335290421336276e-23,CALM2
3.249712870231398e-27,-0.2786282985518156,0.043,0.173,9.500860547408515e-23,P2RY8
3.846530370097836e-27,0.27419518518541375,0.386,0.217,1.1245716190018033e-22,RPL35
3.917830491693159e-27,-0.5029560662389722,0.327,0.471,1.145416922551412e-22,ARHGEF7
4.689989428331162e-27,0.28505528779750006,0.351,0.192,1.3711653092668984e-22,IP6K2
5.173544742400296e-27,-0.2782651131161738,0.015,0.127,1.5125375408881505e-22,FAM49A
5.282143410460723e-27,-0.35368077892336824,0.087,0.231,1.544287447482297e-22,ITPRIP
7.48560702450771e-27,0.2577440618706513,0.372,0.206,2.188492069685074e-22,LINC01578
8.169091779659012e-27,0.2831358650415739,0.418,0.242,2.3883156727011084e-22,UBA52
1.0871317231862937e-26,0.3361967655912514,0.26,0.126,3.1783383059074484e-22,EDNRB
1.427110508105409e-26,0.3119694639602137,0.191,0.08,4.172300281496974e-22,RBM20
1.8488024610142202e-26,0.2723590351451777,0.308,0.161,5.405158875021174e-22,RPL36A
2.294560444590796e-26,0.7151698199127852,0.108,0.029,6.70837691580565e-22,KCNIP4
2.6958429290924136e-26,0.28671586905890156,0.508,0.32,7.881566387494581e-22,RPL23
2.7244266700909393e-26,0.40627197968628803,0.522,0.345,7.96513381267787e-22,PLCB4
3.2374601517070036e-26,0.293587635233706,0.418,0.247,9.465038499530595e-22,RPL29
3.837768914627399e-26,0.2810495271319055,0.373,0.212,1.1220101198804664e-21,PPP1R14A
4.656642593895775e-26,0.296668257044565,0.192,0.079,1.3614160287513687e-21,CYP1B1-AS1
5.90020832165363e-26,0.2829722253950161,0.428,0.255,1.724984904918655e-21,RPL31
9.274563881018032e-26,0.3104077507927737,0.496,0.317,2.7115114962544316e-21,ROCK1
1.3155415125779825e-25,0.2634419005751949,0.309,0.163,3.8461171661729894e-21,SMAD1
1.3155574993130216e-25,-0.4511625804995546,0.222,0.37,3.8461639049915496e-21,EML4
1.3454953097515724e-25,0.3476322288384192,0.24,0.113,3.933690087589697e-21,GAB1
1.463642815202264e-25,-0.5709833105236849,0.128,0.269,4.279106134525339e-21,LPL
1.6563723481363593e-25,0.2846779055757137,0.434,0.262,4.84257019701146e-21,RPS9
2.1169320368055216e-25,0.28819116860359345,0.321,0.176,6.189062502804623e-21,SCAMP1
2.128861020544336e-25,0.275318460337695,0.525,0.329,6.223938079663421e-21,SLCO3A1
3.3139407582328534e-25,0.3929106420412348,0.197,0.084,9.68863720076957e-21,LINC02006
3.602451672884064e-25,0.2508694021607864,0.369,0.206,1.053212771084385e-20,ZNF280D
4.113641822993218e-25,0.41695092597102335,0.862,0.806,1.2026643233702973e-20,FTX
4.178656471786509e-25,0.30024672190394763,0.213,0.094,1.2216720060915037e-20,FRMD4B
5.051331757156779e-25,0.35947450892978217,0.705,0.528,1.476807352522356e-20,RPLP1
5.306174012030595e-25,0.30901728712540577,0.465,0.296,1.551313034157265e-20,MYL12B
6.878758782855548e-25,0.28770560510742405,0.549,0.372,2.011073917755648e-20,CLEC14A
7.324778949358936e-25,0.2784791173282124,0.54,0.351,2.1414723736345787e-20,PHKB
9.457945435555208e-25,-0.564213331906197,0.109,0.247,2.765124927538921e-20,ADAMTS1
1.0092969833931408e-24,0.3961340326660928,0.274,0.143,2.950780660648186e-20,CRIP1
1.1719306619480509e-24,-0.27916264257551343,0.076,0.211,3.4262564832713215e-20,DDX21
1.2270333270686465e-24,0.2928140432861066,0.562,0.369,3.587354635017895e-20,RPL11
1.6598335699328526e-24,0.3106601575907985,0.359,0.206,4.852689425055688e-20,ARMH4
2.1799618231171816e-24,-0.3891922635583077,0.165,0.323,6.373336386065393e-20,AC002070.1
2.1876376364934478e-24,0.38029082474175324,0.324,0.177,6.395777394052244e-20,CRADD
2.8602240031675027e-24,0.40591390548258355,0.615,0.447,8.362150895660511e-20,COBLL1
3.3364344992145395e-24,0.3037812177871209,0.339,0.189,9.754399901903628e-20,MSRB3
3.521055401940625e-24,0.3147087973930003,0.5,0.331,1.0294157573113612e-19,RPL28
3.7355292944965796e-24,0.2674823628120926,0.514,0.327,1.09211934453902e-19,RPL9
4.693295273164658e-24,0.37101003917827946,0.537,0.366,1.3721318060624195e-19,ITGA9
5.12732151094982e-24,0.3353560730965903,0.858,0.723,1.4990237169412894e-19,ADGRF5
5.887382330405716e-24,-0.41802224590751536,0.572,0.663,1.721235098117415e-19,STOM
5.998883347316183e-24,0.2585746612102642,0.525,0.34,1.7538335354213594e-19,RAC1
6.028795198391155e-24,0.320817648583381,0.302,0.165,1.762578564201638e-19,GNAI1
7.430009160965932e-24,0.3105155555017842,0.128,0.042,2.1722374783e-19,ADAMTS6
8.97908480830559e-24,0.42267042197180527,0.388,0.233,2.625125234556222e-19,MAML3
9.158960783395717e-24,0.4111051942229676,0.302,0.167,2.6777137746335717e-19,PCED1B
9.362870281455455e-24,-0.48404376656970394,0.732,0.773,2.737328755486317e-19,PICALM
1.0411479096259854e-23,0.25815243411156835,0.281,0.147,3.043900028582531e-19,ZNRF1
1.1230074818151648e-23,-0.3241523550822657,0.085,0.215,3.283224673834816e-19,CREM
1.1986666442572156e-23,0.4158456241325523,0.583,0.408,3.5044218011503953e-19,ADAMTS9-AS2
1.4197128845292644e-23,0.25576426920893236,0.365,0.211,4.1506725892097574e-19,WWP1
1.4240049619176518e-23,0.39697077705346495,0.391,0.235,4.163220906662447e-19,CSGALNACT1
2.6186163448489258e-23,-0.3776598676906828,0.107,0.241,7.6557867458003195e-19,UGCG
3.172271487205994e-23,0.5664136170832385,0.344,0.201,9.274452919995443e-19,RGS6
4.898609889214796e-23,0.3236744238669045,0.506,0.341,1.4321575872108379e-18,ITM2A
4.951149893208644e-23,0.2943626644945532,0.185,0.08,1.447518182778479e-18,LINC02328
5.895486413359733e-23,0.358782843847117,0.228,0.11,1.7236044078098513e-18,AGMO
7.603388720370983e-23,0.2703683401082616,0.388,0.231,2.2229267262876605e-18,PCMTD1
8.80043224398246e-23,-0.39632005028596584,0.451,0.585,2.572894370850712e-18,ANKRD17
2.9560037334667416e-22,0.4168101510111575,0.702,0.575,8.642172515163366e-18,DPYD
3.108342067841549e-22,-0.4609498941418464,0.404,0.524,9.087548869541553e-18,SPAG9
3.4107819022643332e-22,-0.45909808754944603,0.114,0.246,9.971761969460005e-18,"NAMPT"
3.48737808638956e-22,0.3039149699156094,0.391,0.235,1.0195698573368517e-17,GMDS-DT
5.025657509927515e-22,0.38368877912848554,0.876,0.803,1.4693012296024083e-17,ZBTB16
5.392749020195095e-22,0.2641359577503922,0.447,0.285,1.576624103544238e-17,HMGB1
5.437699890020276e-22,0.3139874178633062,0.618,0.437,1.5897659398463277e-17,ITPR2
5.5722007438956145e-22,0.26700429014458216,0.554,0.371,1.6290886094853218e-17,RPS14
8.730827683367402e-22,0.27999398493015515,0.293,0.163,2.5525447815092938e-17,IGFBP2
9.551876585078608e-22,0.3415455005847091,0.583,0.43,2.792586638413582e-17,JAK1
1.1598672244635876e-21,0.32349140988889724,0.733,0.588,3.390987817441745e-17,HLA-E
1.1830236637347696e-21,-0.42445584484169396,0.46,0.568,3.4586879832949723e-17,IRAK3
1.3159598061826427e-21,0.35912747263583,0.71,0.536,3.847340089355574e-17,EBF1
1.3959127833039408e-21,0.2790265458230943,0.494,0.325,4.081090613267401e-17,CLASP1
1.547296934582757e-21,-0.3509545892075798,0.157,0.292,4.523677317946149e-17,FOSL2
1.910329950440179e-21,0.31495315316422334,0.502,0.344,5.585040643106908e-17,FRY
1.9133894688331495e-21,0.30609776556715973,0.619,0.449,5.593985451080596e-17,CTNND1
2.9591401861425443e-21,0.2778721977916181,0.639,0.465,8.651342248206342e-17,FTH1
4.2563834031381066e-21,0.3783505760008913,0.493,0.335,1.2443962517414568e-16,BCAS3
4.373304774527482e-21,0.27155308426884295,0.217,0.106,1.2785793838808545e-16,RPGR
4.39465534095494e-21,-0.3605212019571644,0.687,0.762,1.2848214354815862e-16,MACF1
4.438822797475859e-21,-0.29024677002826027,0.098,0.227,1.2977342330700422e-16,PALLD
5.243042890346571e-21,-0.3616365410377466,0.144,0.275,1.5328560194217234e-16,SH3PXD2A
8.289020670351023e-21,0.27280087321328117,0.501,0.338,2.423378083183825e-16,TSPAN18
8.642825496918627e-21,0.2615963506993779,0.572,0.4,2.5268164622791297e-16,H3F3A
1.0245067361648925e-20,-0.4755231353187274,0.153,0.28,2.99524789385168e-16,ATP13A3
1.443831815707603e-20,-0.47371835644822635,0.737,0.832,4.2211866964027483e-16,FBXL7
1.7783305985818724e-20,-0.2769089704911074,0.089,0.211,5.199127338013963e-16,NR4A1
1.8185319160925315e-20,0.31673090869794907,0.403,0.264,5.316659909888125e-16,HLA-DRA
2.0255090349478544e-20,-0.37262545439325445,0.355,0.483,5.921778214573547e-16,NOTCH4
2.6033342163721308e-20,-0.432674302570383,0.381,0.491,7.611107914985562e-16,ANKRD11
2.6885719444501218e-20,0.2662003843008116,0.536,0.376,7.860308936794376e-16,TSPAN14
3.105977104102884e-20,0.25420352947191915,0.485,0.314,9.08063466155519e-16,NBEAL1
3.203382949443188e-20,0.3015687326672323,0.54,0.376,9.365410390992104e-16,FNBP1L
3.205795086181334e-20,-0.3432071964112335,0.142,0.27,9.372462513959748e-16,ABCG1
3.293741306441116e-20,0.3124073732882786,0.57,0.411,9.629582083511246e-16,ITPKB
4.358791864565189e-20,-0.2986717463021544,0.096,0.219,1.2743363895242786e-15,MAST2
4.863276931698768e-20,-0.4843762930666533,0.459,0.559,1.4218276437514518e-15,PRKCE
5.1403991064440986e-20,0.2584610494401107,0.502,0.343,1.5028470827599966e-15,RPS19
6.806977467598402e-20,0.26253495705192087,0.337,0.201,1.9900879324270686e-15,CNTLN
7.545248498496315e-20,0.26345704467442277,0.424,0.27,2.2059288510203827e-15,NEK7
9.955264829599591e-20,0.267805881668836,0.476,0.317,2.9105212255817364e-15,RPL17
1.2770090330512754e-19,-0.4140320710782843,0.369,0.491,3.7334636090287086e-15,NF1
1.299154762485829e-19,0.2707530233700066,0.468,0.314,3.7982088636035695e-15,RPL32
2.0586838175003905e-19,-0.4288493076755384,0.553,0.643,6.0187680088441414e-15,PREX2
2.172657363378127e-19,-0.2656124430418549,0.04,0.138,6.351981067572292e-15,PDE4B
2.2834416928049455e-19,0.28923946074584167,0.187,0.087,6.6758701330845386e-15,THSD7A
5.597607352094223e-19,0.2609235602153206,0.741,0.611,1.636516485458267e-14,DDX17
5.819044246691047e-19,0.2999152208684217,0.311,0.184,1.7012557759625946e-14,MIR181A1HG
7.787162377651544e-19,0.3176293770524108,0.472,0.327,2.2766547927302053e-14,SEMA6A
1.0012811385577256e-18,0.27773655312941986,0.291,0.168,2.927345536687367e-14,MGMT
1.1989248180705863e-18,0.2605362960432352,0.314,0.184,3.505176598111166e-14,ACTA1
1.205001848890818e-18,0.2711818564458376,0.288,0.169,3.5229434054171955e-14,RAPH1
1.3342752096197287e-18,0.3378541041254699,0.615,0.481,3.900887002844239e-14,EXOC4
1.4061187213712487e-18,0.2953106850751548,0.529,0.367,4.1109286938009824e-14,C1orf21
1.8069471599754836e-18,-0.519437189888885,0.613,0.688,5.2827907169043235e-14,ENG
1.8515511985296553e-18,-0.45544966891056216,0.46,0.549,5.4131950840213e-14,SP100
1.95817779395399e-18,0.28843716492430427,0.575,0.42,5.724928598403886e-14,TNRC6B
1.9894190873391676e-18,-0.41843894773289314,0.374,0.489,5.81626564374479e-14,SIK3
2.0141703524808855e-18,0.2652939688974456,0.628,0.472,5.888628442513117e-14,PODXL
2.1187212107649164e-18,-0.3466908089517929,0.25,0.369,6.19429333179231e-14,FUS
3.609626370031474e-18,0.2735352259500814,0.71,0.558,1.0553103655424018e-13,PLPP1
4.686674808490195e-18,0.30449273790628784,0.859,0.778,1.3701962470101936e-13,ASAP1
5.087469309752562e-18,0.28501182411461645,0.448,0.305,1.487372527399259e-13,CD2AP
7.071732679175789e-18,0.28711775038372345,0.476,0.325,2.0674917660838336e-13,IGF1R
1.0753863032422905e-17,0.31837309485227294,0.335,0.205,3.1439993961591606e-13,PBX1
1.097694077875949e-17,0.27084673411691984,0.321,0.197,3.2092184060781244e-13,OXR1
1.8025996918526334e-17,0.26291086980690415,0.393,0.257,5.270080459100359e-13,PTPN14
2.0195397055920796e-17,0.3503271726550219,0.548,0.41,5.904326283269004e-13,PKD1L1
2.385978492691635e-17,-0.3732397025029597,0.233,0.351,6.975646721233264e-13,SMC5
4.1583669411279067e-17,0.2613642925359805,0.446,0.308,1.2157401589081547e-12,EEPD1
5.636937988210932e-17,-0.5314597818657789,0.37,0.472,1.648015190233348e-12,SNRK
6.540929757521766e-17,0.3081259903747495,0.434,0.296,1.9123062239090633e-12,LINC00472
9.477485944042582e-17,0.2529600672993868,0.516,0.365,2.770837790600289e-12,PAN3
9.810590680699584e-17,-0.33760999169968636,0.187,0.305,2.8682242914093304e-12,ATP1B3
1.5251317482360773e-16,0.2840179855942956,0.328,0.207,4.458875179142996e-12,SYN3
1.8362081981184836e-16,-0.38373193517681636,0.398,0.492,5.368338288019199e-12,STAT3
1.9818934612353277e-16,-0.2680377786074818,0.055,0.148,5.7942637232676044e-12,LAMB1
3.0863949220564377e-16,0.28804547267252445,0.257,0.15,9.0233841941242e-12,MEF2C-AS1
4.3042186081130593e-16,-0.34420025327755466,0.225,0.334,1.258381352267934e-11,SKIL
5.474600582781686e-16,0.27758622369883934,0.463,0.326,1.600554226382054e-11,LRBA
7.609057213978551e-16,-0.3853846734862274,0.386,0.483,2.224583967078769e-11,NEURL1B
8.367524487197283e-16,-0.2838981134080736,0.131,0.24,2.4463294590769977e-11,PSME4
1.1051889628779229e-15,0.3173313000038138,0.369,0.246,3.231130451869895e-11,RNF144B
1.5461521472977926e-15,0.29669291827971744,0.535,0.4,4.5203304178398266e-11,UVRAG
2.1635197539981385e-15,-0.39037898324427966,0.596,0.663,6.325266352788957e-11,RFTN1
2.5126588597209897e-15,-0.2916808427038893,0.206,0.324,7.346009442280285e-11,PELI1
2.6981419803866714e-15,0.2572525649420553,0.477,0.336,7.888287893858473e-11,RFX3
3.3138331778916484e-15,-0.4169336972279303,0.684,0.759,9.688322678884023e-11,NRP1
5.025606805978737e-15,-0.3079471330956607,0.919,0.929,1.4692864057959436e-10,TCF4
5.304206480481183e-15,-0.39336446005051684,0.988,0.993,1.5507378066334787e-10,NEAT1
5.363902961000778e-15,0.2838018820572614,0.214,0.121,1.5681906696781874e-10,SAMD12
6.22629922603019e-15,-0.26666770436298,0.172,0.282,1.8203208417221865e-10,STX12
6.474787670516352e-15,0.2735248072608656,0.746,0.61,1.8929689233521608e-10,RIN2
6.492444225414236e-15,-0.3485258842818224,0.881,0.893,1.898130993742106e-10,LDB2
7.375814466554672e-15,-0.40268034133104635,0.315,0.42,2.156393117441924e-10,MPDZ
7.743810837897674e-15,0.2637886605914993,0.541,0.409,2.2639805365677639e-10,LRRFIP1
7.819549255339194e-15,-0.34528889698862675,0.367,0.476,2.286123420290967e-10,ELOVL5
7.966580685696677e-15,0.30031817770331726,0.866,0.848,2.3291095292702804e-10,LRMDA
8.227604879911099e-15,0.2640263991853451,0.499,0.361,2.405422562690809e-10,PIAS1
8.313707818223494e-15,-0.3863772479512537,0.261,0.366,2.430595617735821e-10,SMURF2
1.1627579106596376e-14,-0.2815764766098184,0.19,0.303,3.3994390276045165e-10,DENND2A
1.740067429620289e-14,-0.43700967975361804,0.903,0.905,5.087261137237877e-10,TACC1
1.7412773085897112e-14,-0.3313356142337507,0.92,0.922,5.09079833939288e-10,SPTBN1
1.7496150765400917e-14,0.33336031063495897,0.747,0.658,5.115174637772612e-10,NFIA
1.8329820356411563e-14,0.2616663493926418,0.215,0.12,5.358906279400485e-10,GHR
1.906249017701317e-14,-0.2865304890206739,0.259,0.369,5.573109628151571e-10,MCL1
2.2707928740279587e-14,0.3041003784930989,0.788,0.693,6.638890046508141e-10,PEAK1
3.107713114046499e-14,-0.2814980666202295,0.139,0.247,9.085710060226343e-10,SAMD4A
3.573035853447104e-14,-0.309526641952354,0.25,0.359,1.0446127621137954e-9,RIN3
3.5805783146501e-14,0.25028564426997435,0.434,0.307,1.0468178760711032e-9,ZNF366
4.6381364424111705e-14,0.2804898236330268,0.176,0.092,1.3560055703033299e-9,AL583785.1
5.647216250571221e-14,0.5898045260731071,0.178,0.095,1.651020143017002e-9,FAM155A
6.001329928701642e-14,0.26457018902169427,0.747,0.652,1.754548817955212e-9,SBF2
8.946407253883357e-14,-0.34647070801590657,0.226,0.327,2.615571624745338e-9,SSH1
1.0255012428408125e-13,-0.3390698801516987,0.323,0.412,2.9981554335693993e-9,TNS1
1.041074382525821e-13,0.2604378552809431,0.384,0.269,3.0436850647524903e-9,TCF7L1
1.692631686939185e-13,0.3386858828602157,0.52,0.418,4.948577999935401e-9,AQP1
1.8560885125966233e-13,0.2643768763002279,0.204,0.117,5.426460375427488e-9,LINC01515
2.2324689143364229e-13,0.27830644203238175,0.723,0.607,6.526846117953966e-9,AFF1
2.311825220191098e-13,-0.27547698051705943,0.204,0.306,6.7588522137506935e-9,PITPNB
2.3390931555570027e-13,-0.5904214781682444,0.694,0.714,6.838572749586453e-9,F8
2.46238529223931e-13,-0.28452160789976333,0.045,0.121,7.199029640390846e-9,FN1
4.080567054959891e-13,-0.2869133014057839,0.213,0.315,1.1929945841880738e-8,KLF4
5.317730116542891e-13,-0.4923523602860178,0.411,0.482,1.5546915768724797e-8,ANKS1A
7.156683348810611e-13,-0.27168529003841585,0.153,0.248,2.0923279438582703e-8,PHF20
8.619632579215474e-13,-0.2660477487300109,0.382,0.509,2.520035780859436e-8,TTN
9.807989551766088e-13,-0.3144759503210557,0.589,0.655,2.8674638253543336e-8,NEDD9
2.1860854420623686e-12,-0.36450310471590797,0.255,0.351,6.391239398413541e-8,DIP2C
2.4794670603699126e-12,-0.4487739565276453,0.045,0.116,7.248969897697476e-8,COL25A1
2.520366090856548e-12,-0.31514685773581996,0.324,0.418,7.368542303228204e-8,PITPNM2
3.667314954571164e-12,0.2501649885860079,0.307,0.205,1.0721762001184254e-7,LYST
4.057029656633791e-12,-0.291551526906755,0.438,0.513,1.1861131904134551e-7,EGFL7
4.463759417584453e-12,-0.2770408894166363,0.172,0.281,1.3050247033249907e-7,LINC00639
6.1748085368727156e-12,-0.3264022853605525,0.262,0.358,1.8052670238401071e-7,IFI44L
7.688012605629178e-12,0.2862104547783454,0.111,0.052,2.2476673653817465e-7,LINC02315
8.58416814054305e-12,-0.2587824622459972,0.248,0.345,2.5096673975691664e-7,ZNF160
1.0830615587179768e-11,-0.3062386217778489,0.358,0.447,3.166438773067877e-7,SRGN
1.2929845470267152e-11,-0.2893598714568214,0.277,0.37,3.7801696216873043e-7,EPN2
2.790577446625578e-11,-0.453254381995559,0.246,0.343,8.15853222295454e-7,SMAD6
3.687050830297776e-11,0.2950135125278852,0.522,0.407,1.0779461807458577e-6,VTI1A
3.741776084112891e-11,0.37098916156833894,0.456,0.358,1.0939456559512448e-6,DACH1
5.735967985546895e-11,-0.43874808803254006,0.618,0.628,1.6769676002544902e-6,EPB41L4A
6.404668697294066e-11,-0.33564440744659574,0.382,0.465,1.872468940340893e-6,MYO1E
8.255373590523267e-11,0.26457939508149964,0.73,0.626,2.4135410229253824e-6,APP
8.383846791656764e-11,-0.33066896278907676,0.446,0.512,2.4511014480087718e-6,TCIM
9.510017668094955e-11,-0.25859710915055073,0.207,0.291,2.7803487654442413e-6,CCNL1
1.1200947834167267e-10,0.27413673171591935,0.392,0.287,3.274709108797142e-6,RAD51B
1.3874524884383735e-10,-0.30544370556296896,0.382,0.462,4.056356095198429e-6,PARP14
1.465051855613072e-10,-0.32109575803149704,0.384,0.454,4.283225605070378e-6,PLSCR1
1.637072406691332e-10,0.29631153213676054,0.338,0.247,4.786144888202779e-6,ARHGAP24
1.9816895529496154e-10,-0.33155296129839024,0.198,0.283,5.793667577003495e-6,INTS6
2.295055509589141e-10,-0.37367091921734596,0.411,0.466,6.709824287834813e-6,SMCHD1
2.3345280730909933e-10,-0.32388726443824845,0.167,0.256,6.825226274488828e-6,PAPSS2
2.9585784456157537e-10,0.26103308241532774,0.602,0.503,8.649699943602218e-6,CD74
3.046579119948948e-10,-0.30425899651596633,0.454,0.519,8.906978715082744e-6,EIF4G3
3.157947036504888e-10,-0.31881609408046074,0.76,0.799,9.232573955925692e-6,ANO2
4.050780190776055e-10,-0.2621260709476866,0.245,0.33,1.1842860965752874e-5,IER2
4.4119632158768114e-10,-0.37895746047653756,0.429,0.494,1.2898815657937447e-5,WWTR1
5.600245375110231e-10,-0.29267811300429236,0.406,0.476,1.637287737867227e-5,ZSWIM6
6.900295272132675e-10,-0.2504763245173148,0.181,0.262,2.0173703257607088e-5,SLC38A2
3.179800853376963e-9,-0.3562210192899695,0.283,0.358,9.296465774932889e-5,FMNL2
3.383235529465648e-9,-0.29808900896860524,0.243,0.325,9.891227393945768e-5,FAM241A
6.3475842574806755e-9,-0.27647951817954297,0.341,0.423,1.8557797335170504e-4,FBXW7
6.577813382588752e-9,-0.27563688308000545,0.131,0.208,1.9230895205336475e-4,COL8A1
9.487024111157168e-9,-0.3000228571756556,0.524,0.548,2.77362636913791e-4,KMT2E
1.0097455541701441e-8,-0.2949455354651276,0.627,0.665,2.9520921021718334e-4,FCHSD2
1.1199953596287072e-8,-0.3263787210546121,0.562,0.621,3.2744184334104883e-4,IGFBP7
1.4495388655679598e-8,-0.37850294539910356,0.692,0.685,4.237871827374487e-4,MGLL
1.5704532549200794e-8,-0.3048687234023306,0.53,0.589,4.591377136084344e-4,WARS
3.45986473086114e-8,-0.2515988494665333,0.273,0.348,0.001011526052714563,REEP3
4.943624828390247e-8,-0.2822022252386415,0.247,0.314,0.0014453181548281725,B4GALT1
6.070868628154457e-8,-0.2637414000573971,0.308,0.375,0.001774879152127237,TJP2
7.61162698532019e-8,-0.2791983657938599,0.665,0.678,0.002225335265428211,MEF2C
8.876926088036108e-8,-0.28482152239715197,0.369,0.43,0.0025952581110982365,CNOT6L
1.1494495611284589e-7,-0.3661612949029669,0.265,0.327,0.003360530736915162,ALG13
1.2698507132722629e-7,-0.2548518993435256,0.144,0.211,0.0037125355453227877,RDH10
2.7758000605528944e-7,-0.26849588487885967,0.398,0.456,0.008115329057032442,CMIP
3.1798788242636213e-7,-0.3128658642095107,0.324,0.382,0.009296693730617124,NDRG1
5.411405225773366e-7,-0.2663170564827577,0.442,0.488,0.015820784318071015,ETV6
5.438770478300873e-7,0.2652834819237426,0.259,0.187,0.015900789370360432,SNTG2
7.556792895875735e-7,-0.25777578964551917,0.372,0.431,0.0220930397103823,DNAJC1
7.726457107428237e-7,-0.2500170758040683,0.511,0.548,0.022589069999277192,ID3
1.579500087243297e-6,-0.25834319111433324,0.726,0.744,0.04617826455064503,DOCK4
1.697921014893324e-6,-0.26817147102742833,0.906,0.885,0.04964041879142122,ST6GALNAC3
1.948621590416104e-6,0.26302813013210224,0.798,0.744,0.05696990081740522,MECOM
2.315184201141445e-6,0.2782993266787127,0.25,0.19,0.06768672530457127,CAMKMT
5.6303117498253865e-6,-0.25416970787243365,0.803,0.814,0.164607794317895,PLXDC2
5.694240257926726e-6,-0.3804771115493224,0.385,0.436,0.16647680818074578,MCTP1
1.2830011276564463e-5,-0.25226794407264996,0.385,0.432,0.37509820968163865,SGK1
1.6524948156205455e-5,-0.33590883966001484,0.27,0.317,0.4831233842948227,MALT1
2.6186277282425698e-5,-0.2725897220352172,0.245,0.294,0.7655820026289977,IQSEC1
3.1621222641384916e-5,-0.3312750099238113,0.084,0.127,0.9244780651435294,PCSK5
5.500274227981209e-5,0.30328955724232887,0.35,0.308,1,FGF12
0.0011549306286183579,-0.2632506965558259,0.644,0.625,1,BMPR2
0.001241885433670967,-0.25050765497704686,0.653,0.629,1,ESYT2
0.0035300870723364917,-0.2546162418714419,0.207,0.237,1,RIMKLB
0.009312297083783843,-0.25596031800391095,0.617,0.602,1,GALNT18
0.014960568309663492,-0.2877866026543473,0.378,0.381,1,ANKH
0.016157867835556484,-0.26453070593832884,0.461,0.47,1,GBE1
0.3911900662692681,-0.2741397748403054,0.416,0.411,1,TSHZ2
